function [y1] = gdNet1(x1)
% dane z toru I
%
% Auto-generated by MATLAB, 15-Jul-2021 22:35:33.
%
% [y1] = myNeuralNetworkFunction(x1) takes these arguments:
%   x = Qx14 matrix, input #1
% and returns:
%   y = Qx2 matrix, output #1
% where Q is the number of samples.

%#ok<*RPMT0>

% ===== NEURAL NETWORK CONSTANTS =====

% Input 1
x1_step1.xoffset = [0.014018;0.016235;0.019675;0.027656;0.035214;0.041072;0.047315;0.038958;0.034175;0.027592;0.019829;0.01641;0.014018;0.011819];
x1_step1.gain = [2.0284345961691;2.03300584997433;2.04013974957285;2.05688521757732;2.07299857170398;2.08566232292727;2.09932978896487;2.08107450038604;2.07076851396475;2.05674984163026;2.31027982109193;2.40157447222399;2.0284345961691;2.16517702487355];
x1_step1.ymin = -1;

% Layer 1
b1 = [-2.4135216295366985761;-3.4062455883123843314;2.0335484539351944555;-1.5071636146438271986;-0.8825811250290479526;1.8128748582200435724;-0.95449999613075542371;-1.2745984760862609786;-2.7215738871810168931;0.2485625757881597675;2.4222388088648836302;-1.1770455342722212499;-0.57337879852186590668;0.29950324409702694384;1.3694110989763252917;1.1664027350340222533;0.32492369524474123965;0.31328216357906057965;-0.8341159451960135085;0.94461164199166003375;-0.054413216979574956234;-0.47268502840739606841;0.40771661748758059041;2.0663346679947598439;1.0763590949778374384;1.742153370550981295;1.827181095420131296;-2.2850352092368408918;2.0536777831155665908;-1.4373531137851416339];
IW1_1 = [0.72351898563923844332 1.0464946598789688359 0.6490636311678484871 -1.0241591607536233433 -0.72319383094894018615 -0.14486715141299200127 -0.9441224704769274334 -0.18223001217405754293 -1.7205578809680601715 -0.58222598568820560505 -0.11556735467006246099 -0.24754226206050228276 -0.38682301220087667026 2.2868378942027853817;0.2725505818311248496 -1.9723512300379164586 -0.014245073557028864464 -1.1351500952865449801 0.66946743418706178286 -0.63272047805906506124 -1.0837559459727652555 1.2696484691863487715 -0.31626343026612363518 -0.53878894843002544945 1.0178140654428144973 -1.1287455095415381834 -0.24625186938099968836 -0.81025046001873579637;0.04610204385143867184 -0.24191042286569880426 0.1460705117015377863 0.8394176810195964622 -0.54315255820973806777 0.38651074640173216368 0.7662068465290381436 0.072284081759156723623 -0.18274777365003652685 0.12514645588760936468 -0.89799123083970322501 -0.7886725623990910039 1.1690856567903422647 -0.46052987780506760007;0.77718480396816580491 -1.3266666860469453759 0.9677922968907722856 0.049233814439049734812 1.3531044603539046367 0.47482201853569444561 -0.4777893539605762574 -0.52473779145909971167 -0.84073270531344734824 -0.057398605512452668953 -0.66168545590067184836 -0.3418639586394854879 0.44678518359764957113 -1.5739504594953457328;0.17478417464322337782 -1.1751473060568546902 0.052912008953541228573 0.60337254919829230726 1.2820527337303040394 -0.20695847002823636318 1.660839268047200834 0.929008156645894978 0.46592728753756029736 0.80403313286299171736 0.11964586084316111703 -1.1463373957589855223 -0.53900522779357840086 -0.061288792422384094638;-0.53783132079429052386 -0.91104435840760156218 0.98316163923970389948 0.70898349295064500009 0.46211794737733358218 -1.2627289902348763917 -0.25492857708025928876 0.36743389854367591862 0.75243809129317007489 -0.44475256152383624286 -1.6406716776117631351 0.85027986763938123715 -0.1687779581913355087 -1.7854217951476070159;-0.34433562321321209421 0.61829741974679031102 0.0040575693274555457712 -0.85698464886863456869 -0.78490555440578269053 -0.76672541451454856443 -0.46501603735073937518 -1.4699087067584051258 -0.59887420401468627329 0.043544262387157250949 0.86874432273427526496 -1.0316200701685724894 0.055141494048924939719 -0.27138783933663196413;0.2117209740553341879 -2.6820716846194736505 0.35767903681712542863 1.2797762702722266237 -0.59799019999347746701 1.037328333697452587 -0.52877102974025524951 -0.80272085227414302633 -1.1737283145829184861 -1.1865643885990029283 2.6263036941225434973 -0.35094782201036844871 1.0061787861034694469 -2.4365355207846448593;0.43916187191235706022 1.0907915350775032604 -1.038368117818809111 -1.1319581765008619456 -1.2791935488258840969 0.3265000232036920913 0.80840543771695339004 0.16605115143953014245 -0.27693677909873898324 0.5353459239889142296 -0.38194381489118622852 -0.70537807440203115217 -0.77308157586627623825 -1.051820362493152361;1.0356341271439550855 -0.15510307390654229365 -1.2643412498223718377 -1.2024027759353734801 1.0494515387301244225 -0.4202762431012207478 -2.1633336417715320898 -0.733725886301450414 -0.63736843824248023971 1.6073356960785967207 2.454150286438018469 -2.7065722246149177543 0.87122838713231876007 -1.8993175437408631456;-0.33540708794164258988 -0.16975744567184380962 1.3834238350847509746 0.058406089548158804381 -2.8232732153049200363 1.6052554784665546972 2.0175487806291987347 -0.066542906087852266017 -0.27698926161973935756 0.85376256221624235998 0.13179944343365812554 0.52115322051192913833 0.41419326002134165821 -1.6101736187630226738;0.6073931849059833743 -1.688633476815261103 -0.65873193594480095037 1.7059909457820769951 1.4312542704875124144 -0.67759929839654453598 1.7868092289021217933 -0.44815644406650462228 -0.60658395185618230183 0.83752595210104929802 -0.10795471532764687461 -0.71080500251490463803 -0.34633647873480499779 -0.41874286249872999521;0.7655912139003553385 1.31566064694027407 1.6809598456294230218 -2.0215172590533359021 0.098163005554448665158 -1.0041700403413578169 -1.1505857164122359482 -1.2337983290282614757 1.4708357181684270643 -0.90736598028370818447 0.29422384837085524545 0.83669200638629370737 -0.52888876973811294047 -0.77099331103696322476;-0.89082992412457051579 0.064131910081596854578 0.35599034723874012354 -0.17938647003754171205 -0.68138189962328454818 0.65461582822564423623 -1.2147661648642584797 -2.0090135830558355501 -0.81824972235805326637 0.33052048156765068132 0.68180694077819925525 1.9163545079403265792 -1.0380569133677273186 0.78040258556751629371;0.030443351023759918084 -0.79825437245972863387 -0.42961403006950538153 -0.072028522856201815383 0.017192227938240024765 1.2239653658214626475 -0.18023569776562703426 0.64139960067785084519 1.0667938412305812967 1.50597218458544857 1.8308457874523482722 -1.994902904229381102 -0.47057208433377145651 -1.200646007034975149;-0.64696363091765352049 -0.19393742085496079586 0.030811019808968585082 -1.0528175474544829715 -2.3152684859864320899 -0.32643695759007917978 -0.81698772565899269171 1.2596403599967413989 0.47476565667685638461 1.0938168289717467019 0.63463260772172569446 0.96882168280133229565 -0.6866366043563992827 2.3228822510111619692;-0.36228075806144438564 -1.4358471752045462999 -0.67456424987923246928 0.28796305408744232723 0.41795893557900648529 0.087921233529208053792 1.5862790709869249994 0.70769875689457018009 0.035314392579936529359 0.86232187695148332374 -0.26031443991565911267 0.75565641312073050795 0.033308750431124113656 0.1988450359138298762;1.0852287699625808859 -0.13065497313053425765 -1.1878125422656180543 -0.25574359980800653869 -0.33167549680486357877 -0.18307372480189509911 0.086643925362382773203 0.27945862991615949555 -0.29222956856113835311 -0.0092865427400682515335 -0.073595520204040254519 0.81002971401748957714 0.037529541363413146393 -1.9152954368502619342;0.51346250603270315871 -0.35089974916624794288 0.5626584130441462106 1.8506832627553113646 0.75727790310128617612 -0.5404534877822559924 -1.2266284544504351128 -0.35831670031805207266 -1.5591203389312955352 3.876925385780807698 -2.7785564643492111081 -0.73414438065293863289 -0.28203365554174014695 -0.085600707306868681346;0.19495047917108523916 -0.72475401007894912908 -0.13975878836473040745 0.84266648801779586719 0.28342805988201769107 -0.30667076374217838719 1.5327907958139908029 0.57586209461134396648 0.092303619559506125403 0.41639012531881625101 -0.2662290476423441743 0.70286001611258264177 -0.3720841851014770052 -2.1302908598078360569;0.96357931796728268914 