function [y1] = gdNet1Double(x1)
% dane z toru 1 x2
%
% Auto-generated by MATLAB, 28-Jul-2021 19:21:27.
%
% [y1] = myNeuralNetworkFunction(x1) takes these arguments:
%   x = Qx14 matrix, input #1
% and returns:
%   y = Qx2 matrix, output #1
% where Q is the number of samples.

%#ok<*RPMT0>

% ===== NEURAL NETWORK CONSTANTS =====

% Input 1
x1_step1.xoffset = [0.014018;0.016235;0.019675;0.027656;0.035214;0.041072;0.047315;0.038958;0.034175;0.027592;0.019829;0.01641;0.014018;0.011819];
x1_step1.gain = [2.0284345961691;2.03300584997433;2.04013974957285;2.05688521757732;2.07299857170398;2.08566232292727;2.09932978896487;2.08107450038604;2.07076851396475;2.05674984163026;2.31027982109193;2.40157447222399;2.0284345961691;2.16517702487355];
x1_step1.ymin = -1;

% Layer 1
b1 = [-18.519006706762908721;-0.77001747535486364526;10.969920253759122275;-4.9284261332607091077;-5.8976919221089154632;-6.5356853098113925071;-3.292837981306143913;-3.3037425294543809606;-6.9946467130369240905;-5.1143804822788059283;0.1026377505739231033;5.0356616937043989779;-3.2874631480209277612;5.2331893485057499049;7.6328595488131423252;-2.3652243651623527931;-22.593014702551556638;7.4256512518158839242;8.1282970168616319739;0.76559765603724216909];
IW1_1 = [1.2854667864070885575 6.8681290134047099372 -18.538754894802387696 -1.8776001634614816194 -2.2684672488910209154 1.09419436191867403 -3.6783316755013095722 1.8041718147138960937 -0.00094215932741818992149 -0.21440952712416744275 -1.8322277776216322476 -4.1353005099122865929 0.095114500412457836376 -2.0079874442538963031;-0.81428664309004650246 -3.7510122887797514579 4.1757387152919509532 -1.3000827655223397006 0.085655294276326274239 1.6001953644148676492 3.0202270581010974837 -0.32256645397980848733 0.39121809262275891728 0.70125555444813691963 0.54399949131089675447 2.6948838912529096135 -1.78122914777443353 2.5160186343030406242;0.25349917980116781768 13.145982891249255786 3.9537447784633061865 -2.3123697845275335006 5.6866250354920158117 -2.4348397228751572641 -18.674650768342750951 4.2914895887069750557 -2.9889082338041390585 12.065295348606392523 0.7041017061737812055 -9.0627947173250493762 1.3520114011315165214 12.679544294144495353;2.4250937954789995032 0.074949342942862984263 -0.017494074309999711747 3.1087851973600884037 -4.2756346543516627889 -3.311875794980915888 0.85976112587327946368 0.72896713964172488165 -3.6976305646830698315 -0.10943662374265890336 -0.66428305793091324549 -2.2629965694310394397 0.95035661598562404251 0.24821178748182509688;0.038849892905394194098 -4.0235097307554799073 -0.91301850717612620389 -0.058514395456264987894 -0.27171067502072776545 0.87929305157238446533 -1.8624249793807838849 0.31794840204004659601 -1.2474766338678009436 -0.030040223190029823053 -0.1072947993580435494 0.97854768150975923735 0.46948674069041285151 -0.061617573213379531194;-1.8913740559301686073 -0.79462921963964960881 -1.2759736127957717056 1.6665184302755629009 -0.51456567078471404653 0.9736531816508942061 -0.86135435590253628391 0.7832581359899458695 -2.0987978578131434304 0.035312795423957626939 0.013882505345141389272 -5.1189970471006809305 -1.0183423301121428128 -2.6036056356564314385;-2.9206421240551612151 4.5384781027492042682 1.9749763836454494736 -0.38653730827649707136 -0.19515715741438710573 -1.5331061672693957476 -0.40993659182614455849 -0.50807113047424168339 -0.12933325874323753357 -1.0584110271128610581 1.6067029468665858793 -3.8566851889724960145 -2.5280037412619353887 -1.4448555799734430494;3.469181992118750113 0.93034788383362232445 1.9288183044362947616 -5.1617008005832145656 -4.1184633207817471501 0.81201074796324834715 -2.5032976125981072357 -1.763267871961505362 0.13717692369219477988 -0.38474612550325459903 1.0915387058698444722 -1.7099360185615746222 3.5297063906818020307 1.3404053603028032171;-1.1302040983031771404 0.63513930891662517819 0.38230445628674203373 -2.3892609952898475889 -1.3412650719609247041 0.82795966001815879398 -1.1073667930497588241 1.03470747913550154 0.47333259299128765951 1.2513490055602725093 0.26637933238700045591 -3.9394765246881582321 -2.4003509572510717263 -1.2415720005582242536;0.5263352212480574277 4.8060310715955392169 5.0652986942334958798 -7.2030761453143847817 9.3374829331714277458 -4.3090624031070801081 0.85609637241680058839 -5.7676353267509661293 -8.5033961236828048413 -24.055943236914011152 19.071142361382229069 -5.9598244435162337496 -0.30746609084106873988 3.909025888493737888;1.1426516646124391663 -2.225195735850356904 8.86241491035257134 0.47889846369725885822 1.5105595029438811938 -1.741579606191326457 3.0145385675405864667 -1.3112530544564431345 -10.734828490184273875 18.071940992507606438 -8.4123033218959619717 -8.6421009557573800208 2.3979343834344533093 -4.3521601105775147289;1.3970256700346819212 -4.7598802288947235084 11.656209350448859752 -4.21273714911077235 2.9907384127276666064 -9.0774455374754356995 9.6359247730794415077 -7.1032112336099846317 -0.064974719696230642807 -0.67823543785990025867 0.052990216240114809687 0.5966109579514421446 0.7962859884569883917 -2.1795754059115211021;-1.0706887439042460652 0.5165895962874724745 2.0320479800251183278 2.6454308797909784623 0.36390123278475094981 2.5757280912103479587 -1.806158320861145139 1.4487923578600925278 2.9818692434177664907 2.2485508618766680833 2.3669735113942369509 -11.312098460511000653 -1.8982995998674458971 -1.4043450901600063041;-1.6400328595594477754 -0.18710460175261345306 0.027084714812545249152 -3.518749735494320241 5.4777265552570737484 3.0008071093954855613 -0.24684625400940521378 -1.0387649672873011664 3.2796224320783657902 0.99518760656234572792 0.61202904371611399625 2.0916930243157390024 -2.0127164451883250429 -0.26546862122204206713;-1.0859267559825154237 -0.90883129366279513661 -0.011833640918289634741 0.65356995652362503968 3.3305692804903617166 -1.9893802719758042485 3.7481917243769715675 -7.4758437878142940392 -2.2850370000617372668 2.965028389535399711 8.434526190074135954 1.8677364020013131896 -1.5311439845424703599 -4.4090129405818228037;2.2324644863445968213 4.7348283595589961692 0.065726847432869328625 -7.4179100849374686177 -3.9153604035155149532 6.4615677568754401605 -4.7284292089961486028 -1.1045858096370133605 -4.7930434730526467746 -5.2872612351472305647 -1.1582601529962932574 0.15230445851024976278 2.9969813906008822002 16.552756518488394022;-4.0889500726619685267 -0.94349927547767564739 2.389343939040704079 0.26079623021557857276 -1.9397839845595281627 1.3553883247405817958 14.975673636074015249 -9.9642807039431104954 -0.29892987203560705822 1.2986503495026295862 -7.0834299188166056638 -16.697683857365831273 -3.6020275896495861367 1.0263223550857631938;2.8462808663598559988 0.14832729992312843059 -3.2876241369744954035 -2.1210380100799750558 0.66735372055760699972 1.9896025531053334046 3.5564146094381032803 -3.7635868126956282254 2.1186058340391689114 5.8647374950051656128 -7.2102975841567555904 3.9138542392882591514 1.916206338481223348 -1.1493609037406637974;1.6501279151286343261 0.79453633818506130826 2.722269402466412469 -0.63208857865924006347 0.27811983723114530598 -1.6629889711186507384 1.1870119766344435774 1.4873201949062655469 1.4803284181576139567 0.56864686452587276388 3.772624468857539437 -2.589515061837033727 0.91513276520557784721 0.39720721702409034215;2.8609804000843461758 0.63355072975686332892 -3.3166179864274645261 -0.77307098463070578198 -0.58065986045075101973 -1.4208998333723321661 -3.4322549290880055572 0.12192420880496049329 -0.83823270584583220444 0.017257738671229573557 -1.6979736537286018727 -0.10615063153252478345 2.9054366379504390494 -1.3340946126346400202];

% Layer 2
b2 = [1.2379318519463702319;0.70439239928768870858];
